10
100
71935 12426 60607 14999 24788 53252 88601 42859 45596 30680 87885 51124 77664 80611 90491 86973 46221 65110 96706 46538 83381 43340 32299 40293 9548 49969 79168 66193 97914 31290 11074 83337 45655 53742 68569 25330 50677 80395 86052 27510 44845 66918 277 61536 39582 3082 22510 85702 7401 90386 67991 37222 77026 5719 8170 26531 93015 83741 65320 4238 77750 28927 71513 73153 74451 79440 30576 79963 31103 48685 241 31191 74817 55493 724 64668 88672 89689 42585 70779 80546 74160 24670 67257 74524 31104 91656 41686 83529 41362 5978 29510 79773 88412 3163 9677 17684 73774 44705 58541
100
53406 4286 60623 20003 46366 31493 68004 65319 64302 4401 59863 75526 87282 10758 5635 35187 90843 38879 16012 45218 64702 63642 55046 7973 96111 36707 21214 5503 24673 714 60875 92091 31113 71317 18414 54523 7896 6263 26805 97612 85337 16256 50582 48690 74818 53519 47446 26817 2082 70636 63056 84971 33951 77930 17866 96072 99233 55088 55175 23313 84522 8754 18077 33963 65954 41291 46983 67023 13948 45300 37388 87229 32318 25930 98884 21128 65009 1112 7822 63606 70893 9606 99932 33403 36659 28546 17108 23490 4809 98590 99889 28036 83695 77012 97703 98722 72836 95129 97313 27770
100
53651 81068 16844 14847 26143 2013 50830 41179 54165 44384 23254 73426 41268 3806 79285 81256 57176 42901 1723 2681 66449 98082 86822 49790 54336 19611 32323 80753 1626 68779 42938 33532 81677 59780 95078 47693 9524 98727 90554 45226 54182 83864 77598 46230 44757 18320 77338 70658 50242 16404 76598 62336 17778 15778 71065 58929 61055 63817 71471 58062 13440 15623 30573 53300 97026 58992 9650 41512 60037 85402 96440 34994 75923 72860 23402 53135 98889 13196 39739 89910 67652 98953 97815 39139 29253 16681 41931 75124 66763 21560 85980 19414 85941 27552 76788 25172 49522 38122 30380 61551
100
82970 69865 14358 33370 1868 2857 52982 92826 16177 98769 92944 45077 5572 44170 90570 26971 69104 28110 86979 59705 95634 51340 65969 47214 68433 92070 40022 59896 63281 15405 53741 2608 73545 15837 16409 94735 32753 34703 96503 32547 12802 22238 25037 20812 36654 66492 10288 86546 80539 10093 73452 99294 48828 4051 70186 80023 11230 75305 89292 99590 68301 46677 24805 61966 9070 41845 92761 79382 67853 11310 45156 84917 46723 62903 38993 71358 80918 55215 36550 18076 52009 52275 40154 5413 30468 8885 18861 64276 23718 31212 35996 96768 87410 34670 95560 67446 20552 76998 63907 89552
100
4483 21862 61763 39041 26965 7244 17538 27246 64354 46456 86731 27901 84737 78991 61681 6146 57058 962 55657 92990 33172 39545 46491 49397 86768 40260 88812 21530 16703 83687 84823 17463 7820 46873 4419 93895 41611 95969 12924 934 3493 53559 87886 56812 44322 2881 68437 29911 57125 5430 43581 87824 47075 14508 10359 20948 62946 91462 54925 96146 65858 50632 82721 57098 67763 34191 43774 89949 19659 96415 24727 27341 10882 87919 96201 35061 21639 58176 15781 14482 16161 6190 3799 53350 44550 85445 7208 27254 5683 82634 82847 38607 30802 44597 58265 97359 84005 77112 53775 42647
100
38865 55643 96948 52418 7817 54437 14201 95639 15134 85149 1768 31404 44837 63707 13236 94852 53580 59803 80135 3663 52155 48013 33954 4671 36837 89656 83904 909 41298 31390 58171 78967 26505 65428 87816 33670 90507 21798 11290 84037 69773 83625 48333 26381 44376 85947 35128 85447 81732 77885 71631 76690 54357 16348 68063 15559 48574 47242 99047 37042 36778 24418 13539 69602 18356 49696 69109 47724 79986 46754 53206 62061 75020 3880 95641 34329 48901 59734 66696 1362 14333 47335 18450 56527 28141 45018 58896 44895 95144 9036 17497 71575 51661 74238 61435 27502 99192 50673 79123 36715
100
7719 93965 73517 19336 97085 38399 11530 10213 17903 58043 31175 93752 43302 82067 16448 60683 93646 42610 98395 19789 88943 64063 48464 31034 39782 9477 7015 35509 78778 80000 43151 90634 65352 294 79762 72578 43047 87194 47501 85978 90519 16489 86157 75182 13530 12435 87662 16243 48520 69793 83916 18288 83535 8827 30226 14085 68887 91242 29912 74110 61688 74642 67055 2696 50186 90069 8316 49186 89015 97639 75129 10694 32908 61821 37500 72387 19566 22637 24081 89316 63040 37599 87143 25559 3578 69429 22876 30572 13850 54424 1032 44145 17888 94386 76229 55902 63474 87842 75899 82027
100
653 6380 73925 91353 40636 49294 46486 61147 44209 54983 53672 54817 93529 62647 16238 11595 45886 8492 8642 8772 30773 95505 90950 54146 90112 24474 65863 87714 73954 64460 19791 81780 92467 8281 54249 12129 94831 41342 90671 81074 80369 94812 50845 65152 85065 74776 24910 77818 98461 68073 22545 67233 71260 23919 15335 11070 73338 51892 12983 2577 98499 75297 89377 80193 41653 4937 83489 17215 89630 82751 81909 87475 10149 97537 35476 4413 97053 94992 97645 79241 97112 75985 36714 62493 32770 79541 39233 11208 77842 47915 19426 35113 22070 43587 86301 27270 80277 5723 59803 22421
100
41326 17883 89737 47839 43332 18274 60131 46336 47074 33976 27503 39052 56852 15026 50147 69620 56267 30739 76515 19172 30793 63345 9422 41457 96658 16294 32156 55693 62008 87429 55479 63720 15794 90860 90964 60261 8690 52812 46440 40701 70581 85194 7490 66278 4802 55136 1594 40220 11928 26732 49248 28875 97110 8852 35563 74676 40022 79555 82723 29273 661 37405 87094 80106 37450 34792 8487 89844 71171 54155 40502 67527 84827 24099 68357 29163 55536 67027 55998 89304 5262 91061 56186 12913 43335 59607 77736 37904 12745 86869 24859 18782 50194 16030 25968 91443 24338 5319 37369 92663
100
58798 17433 29087 36356 55727 3655 15564 92719 96657 31724 99745 80354 27708 58583 28837 66173 39900 69740 56750 44116 89483 2004 70612 96031 4875 78234 24858 13680 62168 58602 8347 9131 74912 58929 46201 67750 68967 15404 81714 8911 79737 25543 25874 46155 92634 76338 3002 49643 90109 27246 99392 42447 83993 26531 95569 72123 25138 7650 58839 28463 18234 88737 36970 8624 63843 99105 42426 85782 36408 80739 85200 93839 50083 70773 4436 40847 32605 29065 4975 62859 33125 45242 96366 67092 96915 58838 44465 49471 90217 30928 16313 29731 57651 24586 65914 12808 71832 33438 92089 92466
